 101 08 23 10 15 
 102 09 45 11 20 
 103 10 12 12 45 
 104 11 38 13 30 
 105 12 57 14 45 
 106 13 22 15 50 
 107 14 46 16 35 
 108 15 14 17 55 
 109 16 29 18 40 
 110 17 03 19 25 
 111 18 48 20 05 
 112 19 15 21 40 
 113 20 37 22 30 
 114 21 09 23 15 
 115 22 48 00 35 
 116 23 35 01 25 
 117 00 19 02 50 
 118 01 45 03 55 
 119 02 04 04 10 
 120 03 27 05 40 
 121 04 14 06 15 
 122 05 59 07 25 
 123 06 45 08 55 
 124 07 22 09 30 
 125 08 10 10 45 
 126 09 38 11 55 
 127 10 09 12 20 
 128 11 56 13 45 
 129 12 35 14 10 
 130 13 47 15 25 
 131 14 25 16 50 
 132 15 58 17 15 
 133 16 12 18 30 
 134 17 42 19 55 
 135 18 20 20 40 
 136 19 55 21 05 
 137 20 33 22 20 
 138 21 10 23 45 
 139 22 29 00 30 
 140 23 40 01 15 
 141 00 15 02 40 
 142 01 22 03 25 
 143 02 54 04 50 
 144 03 30 05 15 
 145 04 19 06 45 
 146 05 46 07 35 
 147 06 35 08 50 
 148 07 58 09 20 
 149 08 20 10 35 
 150 09 11 11 45 
 151 10 30 12 15 
 152 11 05 13 30 
 153 12 45 14 05 
 154 13 15 15 50 
 155 14 49 16 30 
 156 15 22 17 45 
 157 16 40 18 55 
 158 17 18 19 20 
 159 18 59 20 45 
 160 19 37 21 10 
 161 20 08 22 35 
 162 21 55 23 30 
 163 22 20 00 45 
 164 23 45 01 20 
 165 00 55 02 55 
 166 01 30 03 10 
 167 02 15 04 35 
 168 03 05 05 25 
 169 04 30 06 50 
 170 05 10 07 15 
 171 06 40 08 25 
 172 07 25 09 55 
 173 08 05 10 40 
 174 09 30 11 15 
 175 10 15 12 45 
 176 11 50 13 30 
 177 12 25 14 55 
 178 13 55 15 40 
 179 14 20 17 05 
 180 15 45 17 50 
 181 16 30 19 15 
 182 17 15 19 50 
 183 18 05 21 25 
 184 19 20 22 00 
 185 20 10 23 35 
 186 21 35 00 15 
 187 22 05 00 30 
 188 23 28 01 15 
 189 00 15 02 40 
 190 01 42 03 25 
 191 02 14 04 50 
 192 03 50 05 15 
 193 04 39 06 45 
 194 05 06 07 35 
 195 06 53 08 50 
 196 07 35 09 20 
 197 08 50 10 35 
 198 09 40 11 45 
 199 10 15 12 15 
 200 11 38 13 30 
 201 12 25 14 05 
 202 13 05 15 50 
 203 14 29 16 30 
 204 15 22 17 45 
 205 16 40 18 55 
 206 17 18 19 20 
 207 18 59 20 45 
 208 19 37 21 10 
 209 20 08 22 35 
 210 21 55 23 30 
 211 22 20 00 45 
 212 23 45 01 20 
 213 00 55 02 55 
 214 01 30 03 10 
 215 02 15 04 35 
 216 03 05 05 25 
 217 04 30 06 50 
 218 05 10 07 15 
 219 06 40 08 25 
 220 07 25 09 55 
 221 08 05 10 40 
 222 09 30 11 15 
 223 10 15 12 45 
 224 11 50 13 30 
 225 12 25 14 55 
 226 13 55 15 40 
 227 14 20 17 05 
 228 15 45 17 50 
 229 16 30 19 15 
 230 17 15 19 50 
 231 18 05 21 25 
 232 19 20 22 00 
 233 20 10 23 35 
 234 21 35 00 15 
 235 22 05 00 30 
 236 23 28 01 15 
 237 00 15 02 40 
 238 01 42 03 25 
 239 02 14 04 50 
 240 03 50 05 15 

 

